pes_calls,iter_steps,tot_time,saddle_energy,saddle_fmax,success,method,dimer_rot,dimer_trans,init_energy,barrier,mol_id,spin,termination_status,rmsd_init_saddle
79,34,348.764,-3148.033384,0.00755358,true,Dimer,cg,lbfgs,-3147.010779481928,-1.0226045180720575,000,doublets,GOOD,0.19555527896049715
369,154,1870.224,-6264.153169,0.00985896,true,Dimer,cg,lbfgs,-6263.918841129346,-0.23432787065394223,001,doublets,GOOD,0.6948124931686136
285,137,1634.324,-8374.542703,0.00951764,true,Dimer,cg,lbfgs,-8373.476880631419,-1.0658223685804842,002,doublets,GOOD,0.4097697412896468
260,107,1390.311,-8375.735092,0.00707791,true,Dimer,cg,lbfgs,-8369.816879607057,-5.918212392944042,003,doublets,GOOD,0.19307842731917338
936,325,5609.868,-8427.94459,0.0066416,true,Dimer,cg,lbfgs,-8427.356466392663,-0.5881236073364562,004,doublets,GOOD,32.51901752004537
121,40,622.047,-6232.333148,0.0099801,true,Dimer,cg,lbfgs,-6232.017919420575,-0.315228579424911,005,doublets,GOOD,0.11846715660980958
541,239,4325.554,-7199.671012,0.00838367,true,Dimer,cg,lbfgs,-7196.682391721864,-2.988620278135386,006,doublets,GOOD,3.7308625169607166
1406,690,6963.188,-9431.578042,0.00706839,true,Dimer,cg,lbfgs,-9430.195606183865,-1.3824358161346026,007,doublets,GOOD,6.982811729569118
578,269,2857.46,-10368.484964,0.00913331,true,Dimer,cg,lbfgs,-10368.74347452493,0.2585105249308981,008,doublets,GOOD,0.943044798517411
192,89,975.302,-8462.33772,0.00920551,true,Dimer,cg,lbfgs,-8461.263286858595,-1.07443314140437,009,doublets,GOOD,0.24759330577555813
315,122,1521.926,-6350.949891,0.00821671,true,Dimer,cg,lbfgs,-6349.353813651482,-1.59607734851852,010,doublets,GOOD,0.27533077753013924
252,121,1384.252,-7318.546086,0.00965104,true,Dimer,cg,lbfgs,-7317.877919927892,-0.6681660721078515,011,doublets,GOOD,0.3406666722734219
226,106,1093.453,-7406.048408,0.00990469,true,Dimer,cg,lbfgs,-7405.0349868030635,-1.0134211969361786,012,doublets,GOOD,0.24425829378602892
129,60,619.873,-7405.417035,0.00989136,true,Dimer,cg,lbfgs,-7404.630859922598,-0.7861750774027314,013,doublets,GOOD,0.1648156692912965
271,116,1348.796,-7375.913115,0.00999996,true,Dimer,cg,lbfgs,-7375.222186542769,-0.6909284572311662,014,doublets,GOOD,19.321298925791847
243,117,1358.234,-9344.179537,0.0098647,true,Dimer,cg,lbfgs,-9343.806708812208,-0.3728281877920381,015,doublets,GOOD,0.3932703252285353
106,47,446.495,-5261.558994,0.00625824,true,Dimer,cg,lbfgs,-5253.091962378765,-8.467031621235037,016,doublets,GOOD,0.33135038983852266
532,229,2837.068,-9314.164072,0.00892523,true,Dimer,cg,lbfgs,-9307.432023764124,-6.732048235875482,017,doublets,GOOD,32.77942094609732
124,55,559.166,-6318.265996,0.00744749,true,Dimer,cg,lbfgs,-6310.541737949134,-7.7242580508664105,018,doublets,GOOD,0.2554622702496755
80,35,396.776,-5262.148064,0.00685398,true,Dimer,cg,lbfgs,-5261.747493937361,-0.4005700626394173,019,doublets,GOOD,0.13108742108614552
323,146,1933.134,-8342.835655,0.00757992,true,Dimer,cg,lbfgs,-8342.528659893716,-0.30699510628437565,020,doublets,GOOD,0.8772223686820223
339,161,1509.038,-6350.718563,0.00673039,true,Dimer,cg,lbfgs,-6348.535092700245,-2.1834702997557542,021,doublets,GOOD,0.7048629230504269
198,88,996.926,-6264.015105,0.00670911,true,Dimer,cg,lbfgs,-6263.481525188488,-0.5335798115120269,022,doublets,GOOD,0.2846224846496044
179,79,865.253,-6348.788608,0.00994558,true,Dimer,cg,lbfgs,-6343.846561718852,-4.942046281147668,023,doublets,GOOD,0.486341242218752
158,74,784.885,-6262.274977,0.00761301,true,Dimer,cg,lbfgs,-6261.6316841086345,-0.6432928913654905,024,doublets,GOOD,0.4422400064812472
653,319,3699.036,-8461.149223,0.00742616,true,Dimer,cg,lbfgs,-8459.960723436816,-1.1884995631844504,025,doublets,GOOD,22.297225390662327
194,69,828.696,-4238.26783,0.00851884,true,Dimer,cg,lbfgs,-4236.4328063982275,-1.8350236017722636,026,doublets,GOOD,0.3383185764270185
263,126,1389.608,-8462.146048,0.00936498,true,Dimer,cg,lbfgs,-8461.063300167765,-1.0827478322353272,027,doublets,GOOD,0.3615925963778223
466,226,2645.341,-10370.028468,0.00576637,true,Dimer,cg,lbfgs,-10365.226249238041,-4.802218761959011,028,doublets,GOOD,1.2664893761528542
395,185,2117.028,-8461.795931,0.0099703,true,Dimer,cg,lbfgs,-8453.112389633288,-8.683541366712234,029,doublets,GOOD,0.909885082988858
233,107,1037.796,-7318.343259,0.00812645,true,Dimer,cg,lbfgs,-7316.51285499639,-1.830404003610056,030,doublets,GOOD,0.37505640494539483
303,138,1695.79,-6230.221371,0.00902115,true,Dimer,cg,lbfgs,-6226.555747518091,-3.6656234819083693,031,doublets,GOOD,1.3693983892311148
646,315,3599.219,-9341.641809,0.00814301,true,Dimer,cg,lbfgs,-9341.05442446264,-0.5873845373607764,032,doublets,GOOD,1.2781812232652392
0,0,0.0,NaN,NaN,false,Dimer,cg,lbfgs,NaN,NaN,033,doublets,BAD_MAX_ITERATIONS,
2532,991,14289.138,-7320.323378,0.00861296,true,Dimer,cg,lbfgs,-7317.873231674738,-2.4501463252618123,034,doublets,GOOD,19.61690722152846
117,54,658.335,-9342.500228,0.00882391,true,Dimer,cg,lbfgs,-9342.115910061935,-0.38431793806557835,035,doublets,GOOD,0.07836983185135069
133,61,644.23,-9313.322138,0.00856724,true,Dimer,cg,lbfgs,-9312.469548010376,-0.852589989623084,036,doublets,GOOD,0.16878902205865487
138,60,827.864,-8286.796856,0.00852891,true,Dimer,cg,lbfgs,-8286.572586557335,-0.2242694426659,037,doublets,GOOD,0.1977035753343668
327,157,1690.46,-8462.227459,0.00777556,true,Dimer,cg,lbfgs,-8459.923908229246,-2.3035507707536453,038,doublets,GOOD,0.4663956561387806
357,148,1650.962,-5262.648122,0.00963816,true,Dimer,cg,lbfgs,-5261.275652558276,-1.3724694417232968,039,doublets,GOOD,2.657153593044199
127,51,734.199,-5175.037565,0.00912294,true,Dimer,cg,lbfgs,-5174.64507989459,-0.3924851054098326,040,doublets,GOOD,0.26763637510464205
296,133,1367.813,-9312.118484,0.00877118,true,Dimer,cg,lbfgs,-9312.501515169766,0.38303116976567253,041,doublets,GOOD,0.28983942299062065
72,31,291.757,-4203.700796,0.00925582,true,Dimer,cg,lbfgs,-4202.0839358078865,-1.6168601921135632,042,doublets,GOOD,0.2247606009229455
220,100,1123.106,-8285.667228,0.008295,true,Dimer,cg,lbfgs,-8285.828074363684,0.16084636368395877,043,doublets,GOOD,0.25650799685815584
134,62,617.231,-7318.187753,0.00714672,true,Dimer,cg,lbfgs,-7317.455807317176,-0.7319456828245166,044,doublets,GOOD,0.1548832138815719
0,0,0.0,NaN,NaN,false,Dimer,cg,lbfgs,NaN,NaN,045,doublets,BAD_MAX_ITERATIONS,
336,141,1564.106,-6350.860894,0.00815437,true,Dimer,cg,lbfgs,-6349.743458127506,-1.1174358724947524,046,doublets,GOOD,0.37727740883143757
299,140,1506.68,-8462.147308,0.00997028,true,Dimer,cg,lbfgs,-8460.568838371813,-1.5784696281862125,047,doublets,GOOD,0.3369144363970313
119,54,581.381,-5262.148063,0.00930966,true,Dimer,cg,lbfgs,-5261.503255856968,-0.6448071430313576,048,doublets,GOOD,0.1879628281884396
157,72,694.909,-6263.23496,0.0062229,true,Dimer,cg,lbfgs,-6262.449815106627,-0.7851448933724896,049,doublets,GOOD,0.20519273150782974
897,408,5032.553,-9314.624974,0.00871673,true,Dimer,cg,lbfgs,-9308.79152733285,-5.833446667149474,050,doublets,GOOD,36.59790581870785
205,74,924.25,-4204.78114,0.00715182,true,Dimer,cg,lbfgs,-4199.989427166905,-4.791712833094607,051,doublets,GOOD,0.4816901731881095
346,162,2065.584,-10398.228738,0.00998444,true,Dimer,cg,lbfgs,-10398.330766560422,0.10202856042269559,052,doublets,GOOD,0.3611118273168187
335,146,1690.921,-7407.148556,0.00879917,true,Dimer,cg,lbfgs,-7406.031422318736,-1.117133681264022,053,doublets,GOOD,0.3812296745062894
133,58,761.489,-10371.048953,0.00972223,true,Dimer,cg,lbfgs,-10370.685073643706,-0.36387935629318235,054,doublets,GOOD,0.1152460394746515
645,312,2928.196,-7317.766344,0.00978381,true,Dimer,cg,lbfgs,-7317.208626826673,-0.5577171733266368,055,doublets,GOOD,1.1693818690333706
337,160,2022.419,-8430.172332,0.0097204,true,Dimer,cg,lbfgs,-8429.58439710398,-0.5879348960206698,056,doublets,GOOD,0.5621285910714413
1259,400,8396.449,-10370.445027,0.00355919,true,Dimer,cg,lbfgs,-10367.796715314835,-2.6483116851650266,057,doublets,GOOD,0.9200911365333806
197,82,1046.398,-4201.911531,0.00953311,true,Dimer,cg,lbfgs,-4201.444779736668,-0.46675126333138905,058,doublets,GOOD,0.3743587764795179
141,64,760.858,-8258.172191,0.00461042,true,Dimer,cg,lbfgs,-8257.065982577822,-1.1062084221775876,059,doublets,GOOD,0.23090936077470314
117,50,689.862,-8254.10486,0.00484431,true,Dimer,cg,lbfgs,-8253.4865733909,-0.6182866091003234,060,doublets,GOOD,0.1756118416210144
470,194,2398.703,-8376.303252,0.00825654,true,Dimer,cg,lbfgs,-8374.404429436821,-1.898822563178328,061,doublets,GOOD,0.5190444659511337
263,125,1263.194,-7407.058216,0.00912094,true,Dimer,cg,lbfgs,-7405.008600142882,-2.0496158571186243,062,doublets,GOOD,0.3711973341960648
313,107,1707.295,-7288.705697,0.00891768,true,Dimer,cg,lbfgs,-7287.209080453613,-1.4966165463874859,063,doublets,GOOD,0.47885823952391104
273,94,1400.756,-6232.333194,0.00744015,true,Dimer,cg,lbfgs,-6230.734031892113,-1.5991621078865137,064,doublets,GOOD,0.47666242299413064
444,215,2147.449,-6348.492594,0.00948392,true,Dimer,cg,lbfgs,-6347.021014122553,-1.4715798774468567,065,doublets,GOOD,0.5603899970948027
480,231,2466.176,-7287.369801,0.00750196,true,Dimer,cg,lbfgs,-7283.736204511015,-3.6335964889849492,066,doublets,GOOD,1.2496895174082145
552,269,3127.342,-7373.020406,0.00955755,true,Dimer,cg,lbfgs,-7371.457358647199,-1.5630473528008224,067,doublets,GOOD,1.0324222656691497
497,241,2830.09,-10398.087263,0.00819978,true,Dimer,cg,lbfgs,-10396.688558593893,-1.3987044061068445,068,doublets,GOOD,1.1776379359805447
281,134,1610.755,-10399.682452,0.00632954,true,Dimer,cg,lbfgs,-10399.380720545107,-0.30173145489243325,069,doublets,GOOD,0.3203724363685906
98,43,592.782,-9311.838443,0.00862139,true,Dimer,cg,lbfgs,-9311.415871670484,-0.4225713295163587,070,doublets,GOOD,0.2006105000838601
1867,578,10640.841,-7288.705676,0.00964063,true,Dimer,cg,lbfgs,-7287.178127984032,-1.5275480159680228,071,doublets,GOOD,14.84407483753663
128,60,774.062,-7286.334391,0.00953708,true,Dimer,cg,lbfgs,-7285.354171979137,-0.9802190208629327,072,doublets,GOOD,0.15206422945807568
124,57,711.972,-7286.509815,0.00969452,true,Dimer,cg,lbfgs,-7285.527325177304,-0.9824898226961523,073,doublets,GOOD,0.219172452323905
242,85,1272.389,-9314.430241,0.00929814,true,Dimer,cg,lbfgs,-9312.490553183752,-1.939687816247897,074,doublets,GOOD,20.367924791713033
279,103,1311.099,-7319.669072,0.00840508,true,Dimer,cg,lbfgs,-7317.8503447289295,-1.8187272710702018,075,doublets,GOOD,0.7401972416790775
160,73,715.25,-6318.159125,0.00833286,true,Dimer,cg,lbfgs,-6316.89214378078,-1.266981219219815,076,doublets,GOOD,0.33938166794670477
409,199,2437.858,-9399.990531,0.0091208,true,Dimer,cg,lbfgs,-9399.770169691124,-0.22036130887499894,077,doublets,GOOD,0.40784789588592574
200,79,1003.867,-7230.189967,0.00916423,true,Dimer,cg,lbfgs,-7226.756185515156,-3.4337814848440757,078,doublets,GOOD,0.2093082564412484
153,70,759.401,-8258.034661,0.00949554,true,Dimer,cg,lbfgs,-8256.07734728383,-1.957313716169665,079,doublets,GOOD,0.2681350969746688
186,89,907.421,-7405.810881,0.00814801,true,Dimer,cg,lbfgs,-7404.730893773658,-1.0799872263423822,080,doublets,GOOD,0.2622671151765012
65,29,270.09,-4236.075578,0.00472016,true,Dimer,cg,lbfgs,-4235.287391162976,-0.7881868370241136,081,doublets,GOOD,0.20759854192982877
205,90,1205.354,-8343.628106,0.00942229,true,Dimer,cg,lbfgs,-8341.494698652774,-2.133407347226239,082,doublets,GOOD,0.1506658875364106
464,203,1980.674,-4238.307234,0.0071319,true,Dimer,cg,lbfgs,-4237.2148149307,-1.092419069299467,083,doublets,GOOD,6.839025161387475
2666,887,15321.12,-8376.440236,0.00901934,true,Dimer,cg,lbfgs,-8371.188082226543,-5.252153773457394,084,doublets,GOOD,8.348701498466573
241,101,1573.952,-9312.425127,0.00763819,true,Dimer,cg,lbfgs,-9311.068372683103,-1.3567543168974225,085,doublets,GOOD,0.5874596962404146
0,0,0.0,NaN,NaN,false,Dimer,cg,lbfgs,NaN,NaN,086,doublets,BAD_MAX_ITERATIONS,
,,,,,false,Dimer,,,,,087,doublets,Error,
301,144,1751.4,-8429.954138,0.00743467,true,Dimer,cg,lbfgs,-8429.438538122777,-0.5155998772224848,088,doublets,GOOD,1.0281448657256929
619,301,3071.312,-9432.367014,0.00871493,true,Dimer,cg,lbfgs,-9430.31750370731,-2.049510292688865,089,doublets,GOOD,22.896854130303282
149,70,651.858,-5206.924665,0.0087322,true,Dimer,cg,lbfgs,-5204.907386123687,-2.0172788763129574,090,doublets,GOOD,0.2937355226939227
268,128,1357.024,-9432.532644,0.00961358,true,Dimer,cg,lbfgs,-9431.000141581766,-1.5325024182347988,091,doublets,GOOD,0.33331049648999633
332,157,1469.095,-7318.628935,0.00959871,true,Dimer,cg,lbfgs,-7316.9986710399435,-1.6302639600562543,092,doublets,GOOD,0.5951559125011112
140,60,737.153,-6230.578019,0.00647915,true,Dimer,cg,lbfgs,-6230.52324430379,-0.05477469620927877,093,doublets,GOOD,0.17319657719819273
305,146,1434.322,-8375.906393,0.00976571,true,Dimer,cg,lbfgs,-8374.491563972055,-1.4148290279445064,094,doublets,GOOD,0.33838478395151306
394,177,1995.94,-8374.027918,0.00841027,true,Dimer,cg,lbfgs,-8368.292184074637,-5.735733925363093,095,doublets,GOOD,0.5142040913067717
104,46,570.608,-8374.986653,0.00670768,true,Dimer,cg,lbfgs,-8374.22020393088,-0.7664490691204264,096,doublets,GOOD,0.15897568233842366
270,129,1339.261,-8373.883698,0.0089672,true,Dimer,cg,lbfgs,-8373.48211437795,-0.4015836220496567,097,doublets,GOOD,0.5173197062550682
170,80,794.215,-7320.508014,0.00730187,true,Dimer,cg,lbfgs,-7318.105726509761,-2.4022874902393596,098,doublets,GOOD,0.3144049406556131
270,126,1546.472,-8342.898221,0.00927995,true,Dimer,cg,lbfgs,-8342.000792896788,-0.8974281032114959,099,doublets,GOOD,0.3479003472823002
214,84,1459.128,-10371.084365,0.00611466,true,Dimer,cg,lbfgs,-10365.132614526588,-5.951750473412176,100,doublets,GOOD,0.24555052199199306
153,67,983.593,-8344.147351,0.00990988,true,Dimer,cg,lbfgs,-8343.567016129291,-0.5803348707086116,101,doublets,GOOD,0.21275697489404052
2945,950,16132.502,-8374.703934,0.00909326,true,Dimer,cg,lbfgs,-8372.999546064424,-1.7043879355751415,102,doublets,GOOD,3.225817853400039
202,95,1053.719,-8461.554232,0.00953972,true,Dimer,cg,lbfgs,-8460.387725517405,-1.1665064825956506,103,doublets,GOOD,0.14916094693549992
0,0,0.0,NaN,NaN,false,Dimer,cg,lbfgs,NaN,NaN,104,doublets,BAD_MAX_ITERATIONS,
537,244,3060.923,-7285.973629,0.00562511,true,Dimer,cg,lbfgs,-7283.411169131217,-2.562459868782753,105,doublets,GOOD,0.7818166104686036
127,59,676.471,-7318.348599,0.00794261,true,Dimer,cg,lbfgs,-7317.629813765657,-0.7187852343431587,106,doublets,GOOD,0.17696237875221327
448,219,2077.303,-6349.016807,0.00786298,true,Dimer,cg,lbfgs,-6347.944958674188,-1.0718483258124252,107,doublets,GOOD,8.922279181984477
206,84,921.455,-6263.027759,0.00970431,true,Dimer,cg,lbfgs,-6260.86767042212,-2.160088577879833,108,doublets,GOOD,0.33541392715621143
348,168,1949.729,-10369.622609,0.0092486,true,Dimer,cg,lbfgs,-10367.84187259522,-1.7807364047803276,109,doublets,GOOD,0.7354823811751028
104,46,508.199,-6317.344334,0.00719025,true,Dimer,cg,lbfgs,-6317.295075405276,-0.04925859472405136,110,doublets,GOOD,0.18511607866361016
385,132,2357.769,-9344.124716,0.00851088,true,Dimer,cg,lbfgs,-9341.726019213722,-2.3986967862783786,111,doublets,GOOD,0.9628497060602825
182,83,1024.123,-10371.589988,0.00585418,true,Dimer,cg,lbfgs,-10371.226860178373,-0.3631278216271312,112,doublets,GOOD,0.21184815789403036
447,209,2616.282,-9400.129678,0.00946246,true,Dimer,cg,lbfgs,-9397.321455838119,-2.8082221618806216,113,doublets,GOOD,0.5598257159690825
675,326,3496.444,-8374.595941,0.00869197,true,Dimer,cg,lbfgs,-8373.78378683952,-0.8121541604796221,114,doublets,GOOD,1.4553980692506963
209,99,1323.141,-9398.801144,0.00827622,true,Dimer,cg,lbfgs,-9397.98615278304,-0.8149912169592426,115,doublets,GOOD,0.21971702284456715
397,191,1762.878,-7318.839029,0.00939082,true,Dimer,cg,lbfgs,-7316.68481789343,-2.1542111065700738,116,doublets,GOOD,0.8076709738104215
133,54,596.099,-4205.656571,0.00814496,true,Dimer,cg,lbfgs,-4202.772100228911,-2.884470771089582,117,doublets,GOOD,0.27230733866801354
926,410,6167.672,-9432.426641,0.00930055,true,Dimer,cg,lbfgs,-9430.329843831521,-2.096797168478588,118,doublets,GOOD,2.0046715194233315
125,40,681.394,-7288.705811,0.00832906,true,Dimer,cg,lbfgs,-7288.362612869996,-0.34319813000365684,119,doublets,GOOD,0.4792253176784989
264,118,1314.695,-7405.24652,0.00761827,true,Dimer,cg,lbfgs,-7400.071878030342,-5.174641969657387,120,doublets,GOOD,0.4238281749019748
146,68,857.243,-7288.305466,0.00874159,true,Dimer,cg,lbfgs,-7287.798860309031,-0.5066056909690815,121,doublets,GOOD,0.10601631811785946
203,80,903.069,-5262.791073,0.00714521,true,Dimer,cg,lbfgs,-5261.2589070265885,-1.532165973411793,122,doublets,GOOD,0.35040981802572313
643,283,3237.364,-8376.360749,0.00918078,true,Dimer,cg,lbfgs,-8374.523409697887,-1.8373393021120137,123,doublets,GOOD,0.575661872989976
568,272,2392.661,-6262.185708,0.00778053,true,Dimer,cg,lbfgs,-6260.564971713141,-1.620736286859028,124,doublets,GOOD,4.203528417892003
390,156,2111.03,-9432.344222,0.00981567,true,Dimer,cg,lbfgs,-9430.475890966802,-1.8683310331980465,125,doublets,GOOD,0.9111360548132617
427,195,2348.977,-7287.548472,0.0060571,true,Dimer,cg,lbfgs,-7284.624579131316,-2.923892868684561,126,doublets,GOOD,12.479943189775865
241,111,975.372,-5205.728329,0.00938516,true,Dimer,cg,lbfgs,-5203.668577555284,-2.0597514447154026,127,doublets,GOOD,0.6320731818577962
140,53,893.212,-10368.577167,0.00867097,true,Dimer,cg,lbfgs,-10368.121886648703,-0.45528035129609634,128,doublets,GOOD,0.11071480900240215
234,89,1010.483,-4238.268256,0.00348645,true,Dimer,cg,lbfgs,-4236.484536634106,-1.7837193658942851,129,doublets,GOOD,0.3878624133801441
105,47,649.886,-8255.330847,0.00964152,true,Dimer,cg,lbfgs,-8254.740187278432,-0.5906597215671354,130,doublets,GOOD,0.17033333726632838
234,108,934.301,-4237.973177,0.00790226,true,Dimer,cg,lbfgs,-4235.594867576798,-2.378309423202154,131,doublets,GOOD,0.7079747817786926
222,104,1134.497,-8373.90704,0.00913084,true,Dimer,cg,lbfgs,-8373.604262750428,-0.3027772495715908,132,doublets,GOOD,0.30574309313395065
128,57,683.404,-9314.829479,0.0089928,true,Dimer,cg,lbfgs,-9314.290433432649,-0.5390455673514225,133,doublets,GOOD,0.16546210528118924
169,68,816.349,-3176.784229,0.00961586,true,Dimer,cg,lbfgs,-3176.3349320031166,-0.44929699688327673,134,doublets,GOOD,0.6207276573033326
381,157,2022.084,-8463.440157,0.00804813,true,Dimer,cg,lbfgs,-8461.748019033892,-1.6921379661089304,135,doublets,GOOD,0.5416632043367702
235,113,1232.923,-9431.136073,0.00928108,true,Dimer,cg,lbfgs,-9430.109725093562,-1.026347906437877,136,doublets,GOOD,0.3062477929665286
0,0,0.0,NaN,NaN,false,Dimer,cg,lbfgs,NaN,NaN,137,doublets,BAD_MAX_ITERATIONS,
169,78,835.79,-9432.599849,0.00870989,true,Dimer,cg,lbfgs,-9430.63724279812,-1.9626062018796802,138,doublets,GOOD,0.24989092151217712
117,52,462.605,-3180.667542,0.00624049,true,Dimer,cg,lbfgs,-3179.140822766335,-1.5267192336650623,139,doublets,GOOD,0.36592559126826846
272,132,1359.197,-9432.260585,0.00811979,true,Dimer,cg,lbfgs,-9430.607045418868,-1.6535395811315539,140,doublets,GOOD,0.19853571706120587
241,86,1096.088,-5294.652651,0.00967801,true,Dimer,cg,lbfgs,-5292.907705578143,-1.7449454218576648,141,doublets,GOOD,0.8124306682888603
131,59,605.471,-5260.245952,0.00626399,true,Dimer,cg,lbfgs,-5256.808673112659,-3.437278887341563,142,doublets,GOOD,0.4795257155237307
214,102,1126.388,-9430.509216,0.00906791,true,Dimer,cg,lbfgs,-9429.588062215938,-0.9211537840619712,143,doublets,GOOD,0.3708914454784627
723,351,3694.434,-8463.275458,0.00757441,true,Dimer,cg,lbfgs,-8461.013222045065,-2.262235954935022,144,doublets,GOOD,13.22540315580385
285,133,1612.129,-10368.353796,0.00989507,true,Dimer,cg,lbfgs,-10366.379616951986,-1.9741790480129566,145,doublets,GOOD,0.4916898817277367
140,59,592.925,-4206.423145,0.0084131,true,Dimer,cg,lbfgs,-4204.272175603432,-2.1509693965681436,146,doublets,GOOD,0.38807099342174334
457,214,2796.734,-9399.125273,0.00954109,true,Dimer,cg,lbfgs,-9395.051403666632,-4.073869333367838,147,doublets,GOOD,0.7826958697181835
598,225,3436.748,-8342.296045,0.00725173,true,Dimer,cg,lbfgs,-8340.251005761642,-2.045039238357276,148,doublets,GOOD,0.6252842524003328
2999,960,19188.134,-10367.496937,0.00944834,true,Dimer,cg,lbfgs,-10363.168369275967,-4.328567724032837,149,doublets,GOOD,1.5647995377526016
305,147,1742.33,-10398.702875,0.00633014,true,Dimer,cg,lbfgs,-10397.61465519448,-1.0882198055205663,150,doublets,GOOD,0.48626940025331106
344,167,1634.066,-7320.50805,0.00894683,true,Dimer,cg,lbfgs,-7318.911716955059,-1.5963330449412751,151,doublets,GOOD,0.5372335277266357
357,140,1868.097,-7407.188104,0.00570133,true,Dimer,cg,lbfgs,-7405.508918826949,-1.6791851730504277,152,doublets,GOOD,2.4048707667244664
143,59,949.506,-6230.240676,0.00928261,true,Dimer,cg,lbfgs,-6226.27143639657,-3.969239603430651,153,doublets,GOOD,0.36877878726451047
547,267,2827.683,-8376.8272,0.00871658,true,Dimer,cg,lbfgs,-8374.549672326555,-2.277527673444638,154,doublets,GOOD,1.478870762835775
288,136,1264.565,-7319.732224,0.00727299,true,Dimer,cg,lbfgs,-7318.132390811904,-1.5998331880964543,155,doublets,GOOD,0.46442340321607356
287,126,1313.433,-7319.98136,0.00948701,true,Dimer,cg,lbfgs,-7319.378710276166,-0.6026497238335651,156,doublets,GOOD,0.3076460598855666
628,305,3257.553,-7404.854006,0.00707962,true,Dimer,cg,lbfgs,-7403.511639163222,-1.3423668367777282,157,doublets,GOOD,0.7006492570941742
353,170,1579.841,-6264.108248,0.00820932,true,Dimer,cg,lbfgs,-6262.37391818453,-1.7343298154692093,158,doublets,GOOD,0.5026666756505744
255,123,1376.833,-8462.061823,0.00648709,true,Dimer,cg,lbfgs,-8460.914880160575,-1.1469428394248098,159,doublets,GOOD,0.3657684749675227
376,180,2209.438,-9313.071098,0.0087847,true,Dimer,cg,lbfgs,-9312.113569004045,-0.9575289959557267,160,doublets,GOOD,0.43065594019195713
517,216,3339.468,-8375.945447,0.00941919,true,Dimer,cg,lbfgs,-8374.164260794258,-1.781186205742415,161,doublets,GOOD,25.407739392083247
1383,624,7247.13,-9432.668015,0.0086725,true,Dimer,cg,lbfgs,-9430.565867943556,-2.1021470564428455,162,doublets,GOOD,9.33967001853452
339,116,1757.382,-6232.319491,0.00863827,true,Dimer,cg,lbfgs,-6229.499846745573,-2.8196442544267484,163,doublets,GOOD,0.5485635463599864
508,245,3237.651,-9432.333198,0.00644377,true,Dimer,cg,lbfgs,-9430.61680199036,-1.716396009640448,164,doublets,GOOD,0.9683713447422493
154,71,913.196,-9309.414297,0.00896114,true,Dimer,cg,lbfgs,-9308.234235524627,-1.1800614753719856,165,doublets,GOOD,0.23301685903746405
456,220,2284.702,-9431.98933,0.00805384,true,Dimer,cg,lbfgs,-9430.496898939631,-1.4924310603691993,166,doublets,GOOD,15.202557364817746
73,32,417.975,-6230.08142,0.00922593,true,Dimer,cg,lbfgs,-6229.149078748345,-0.9323412516550889,167,doublets,GOOD,0.15564863085859346
377,172,1666.418,-8255.749638,0.00649743,true,Dimer,cg,lbfgs,-8256.03546593739,0.28582793739042245,168,doublets,GOOD,0.5733216814773743
979,478,4727.488,-7405.858696,0.0094492,true,Dimer,cg,lbfgs,-7404.437546534553,-1.4211494654473427,169,doublets,GOOD,11.244877233083491
539,234,3270.541,-8429.167976,0.00933445,true,Dimer,cg,lbfgs,-8427.029945512822,-2.1380304871781846,170,doublets,GOOD,3.3379226920712366
42,16,194.389,-4205.46182,0.00756113,true,Dimer,cg,lbfgs,-4205.298984418551,-0.16283558144914423,171,doublets,GOOD,0.062348872917161645
1266,408,6529.62,-5207.861708,0.00960971,true,Dimer,cg,lbfgs,-5203.7768295570095,-4.084878442990885,172,doublets,GOOD,26.309755028097644
205,70,974.116,-6319.450305,0.00948563,true,Dimer,cg,lbfgs,-6317.826036690816,-1.6242683091841172,173,doublets,GOOD,0.32884436127135686
102,46,409.196,-4204.144195,0.00228404,true,Dimer,cg,lbfgs,-4202.4417263395335,-1.7024686604663657,174,doublets,GOOD,0.25416756449965905
326,137,1887.655,-8345.012068,0.00864435,true,Dimer,cg,lbfgs,-8344.721914931137,-0.29015306886321923,175,doublets,GOOD,0.5033496153155257
187,85,996.325,-7286.607754,0.00851199,true,Dimer,cg,lbfgs,-7285.718161408278,-0.889592591721339,176,doublets,GOOD,0.3539706054585238
0,0,0.0,NaN,NaN,false,Dimer,cg,lbfgs,NaN,NaN,177,doublets,BAD_MAX_ITERATIONS,
237,113,1127.93,-7407.214311,0.0069632,true,Dimer,cg,lbfgs,-7404.8415168830425,-2.372794116957266,178,doublets,GOOD,0.33941864673999267
205,94,1011.549,-8254.920574,0.00851944,true,Dimer,cg,lbfgs,-8253.354482485867,-1.566091514132495,179,doublets,GOOD,0.35680385472056697
128,56,681.092,-9315.100116,0.00551499,true,Dimer,cg,lbfgs,-9314.616076635353,-0.4840393646463781,180,doublets,GOOD,0.18923058812304427
1867,614,9803.168,-5263.337502,0.00982281,true,Dimer,cg,lbfgs,-5261.467717166783,-1.8697848332176363,181,doublets,GOOD,31.199741619692205
182,86,894.327,-8374.171086,0.00914025,true,Dimer,cg,lbfgs,-8373.374101239348,-0.7969847606527765,182,doublets,GOOD,0.2161471478416992
287,137,1399.085,-5261.86175,0.00964036,true,Dimer,cg,lbfgs,-5261.251710837756,-0.6100391622439929,183,doublets,GOOD,0.7817422371712327
509,248,2443.64,-7407.362212,0.00760802,true,Dimer,cg,lbfgs,-7405.064305351146,-2.297906648854223,184,doublets,GOOD,2.414595692062189
289,137,1611.96,-8461.181255,0.00900545,true,Dimer,cg,lbfgs,-8460.953525070992,-0.22772992900718236,185,doublets,GOOD,0.32948513899853227
326,155,1393.696,-5292.945379,0.00890502,true,Dimer,cg,lbfgs,-5290.926518934454,-2.0188600655455957,186,doublets,GOOD,17.139245683269323
66,26,300.957,-6144.011866,0.00869487,true,Dimer,cg,lbfgs,-6141.728428319584,-2.2834376804157728,187,doublets,GOOD,0.20274001738696917
311,131,1436.791,-7319.999124,0.00974403,true,Dimer,cg,lbfgs,-7312.578943098327,-7.42018090167312,188,doublets,GOOD,0.6714039502204746
685,326,4190.654,-9429.922306,0.00853385,true,Dimer,cg,lbfgs,-9426.372572633634,-3.5497333663661266,189,doublets,GOOD,8.670539840604357
369,175,1652.139,-6349.649406,0.0099493,true,Dimer,cg,lbfgs,-6348.193353162773,-1.4560528372276167,190,doublets,GOOD,0.4692203566423179
135,61,554.937,-5261.797848,0.00734158,true,Dimer,cg,lbfgs,-5260.055635374244,-1.7422126257561104,191,doublets,GOOD,0.3107107803191019
88,39,371.627,-5261.558997,0.00682942,true,Dimer,cg,lbfgs,-5253.753379341556,-7.805617658444135,192,doublets,GOOD,0.23084202851490312
179,83,878.461,-7405.122734,0.00874142,true,Dimer,cg,lbfgs,-7404.065881112522,-1.056852887477362,193,doublets,GOOD,0.3962420721641529
331,160,1691.571,-8376.819247,0.00949652,true,Dimer,cg,lbfgs,-8374.85579725802,-1.9634497419792751,194,doublets,GOOD,0.43483472864242834
479,233,2364.966,-7405.92757,0.00707998,true,Dimer,cg,lbfgs,-7403.978136493878,-1.9494335061217498,195,doublets,GOOD,1.6968378280798453
240,113,1113.851,-7317.570685,0.00878817,true,Dimer,cg,lbfgs,-7317.171062777405,-0.3996222225950987,196,doublets,GOOD,0.44039938568954484
314,149,1821.567,-9431.769147,0.00794947,true,Dimer,cg,lbfgs,-9430.517852750507,-1.2512942494940944,197,doublets,GOOD,0.4314408376999325
70,31,339.809,-5174.705214,0.00946318,true,Dimer,cg,lbfgs,-5174.5903051253845,-0.11490887461513921,198,doublets,GOOD,0.16069978843006053
309,138,1732.711,-8461.181258,0.00937843,true,Dimer,cg,lbfgs,-8456.038514214259,-5.142743785741914,199,doublets,GOOD,0.46505579225560456
559,236,3028.847,-9432.651129,0.00905275,true,Dimer,cg,lbfgs,-9430.812470612847,-1.8386583871524635,200,doublets,GOOD,1.5345415290945636
0,0,0.0,NaN,NaN,false,Dimer,cg,lbfgs,NaN,NaN,201,doublets,BAD_MAX_ITERATIONS,
206,96,1202.493,-9430.826939,0.00884561,true,Dimer,cg,lbfgs,-9428.901032615402,-1.9259063845984201,202,doublets,GOOD,0.2736644876874335
240,115,1236.117,-9312.815695,0.00896761,true,Dimer,cg,lbfgs,-9311.420790384183,-1.3949046158159035,203,doublets,GOOD,0.4006526468384691
693,306,3659.734,-9432.557838,0.00842377,true,Dimer,cg,lbfgs,-9430.491593652841,-2.066244347159227,204,doublets,GOOD,13.903611057651224
1048,473,5642.695,-9432.665038,0.00953341,true,Dimer,cg,lbfgs,-9430.79883418471,-1.8662038152888272,205,doublets,GOOD,13.76536928262105
703,293,3550.523,-8376.303284,0.00860098,true,Dimer,cg,lbfgs,-8374.297606907952,-2.0056770920473355,206,doublets,GOOD,1.5612011310973697
265,117,1246.734,-5206.162215,0.0068961,true,Dimer,cg,lbfgs,-5198.934661956117,-7.2275530438828355,207,doublets,GOOD,8.300642873721632
0,0,0.0,NaN,NaN,false,Dimer,cg,lbfgs,NaN,NaN,208,doublets,BAD_MAX_ITERATIONS,
349,165,1773.728,-8463.192546,0.00800875,true,Dimer,cg,lbfgs,-8460.992937589957,-2.199608410042856,209,doublets,GOOD,0.33155783535040373
409,199,2352.57,-8375.383675,0.00771021,true,Dimer,cg,lbfgs,-8374.217819819905,-1.1658551800937857,210,doublets,GOOD,0.9332514329368917
200,91,1119.38,-10367.787163,0.0092203,true,Dimer,cg,lbfgs,-10365.067042983967,-2.7201200160343433,211,doublets,GOOD,0.34595035782233324
116,51,593.444,-8258.588293,0.00947949,true,Dimer,cg,lbfgs,-8257.934171733383,-0.654121266617949,212,doublets,GOOD,0.17700466824428562
96,32,512.003,-6145.082549,0.00568481,true,Dimer,cg,lbfgs,-6143.5256418658755,-1.5569071341242307,213,doublets,GOOD,0.42980338338240726
3249,875,22238.136,-6261.771656,0.00975311,true,Dimer,cg,lbfgs,-6256.460288043209,-5.311367956790491,214,doublets,GOOD,1.5291976966427525
1030,502,4969.2,-8374.154688,0.00974425,true,Dimer,cg,lbfgs,-8373.610856658253,-0.5438313417471363,215,doublets,GOOD,1.5163848514111848
368,152,1790.035,-5259.189842,0.00650562,true,Dimer,cg,lbfgs,-5257.705156832854,-1.4846851671454715,216,doublets,GOOD,0.6911116991012164
275,119,1246.486,-7319.668985,0.00790943,true,Dimer,cg,lbfgs,-7318.69272325844,-0.976261741559938,217,doublets,GOOD,0.27618058436591675
217,104,1290.066,-9401.024063,0.0079775,true,Dimer,cg,lbfgs,-9400.616497854895,-0.4075651451057638,218,doublets,GOOD,0.21320273017516173
224,105,1275.401,-8461.343366,0.0098884,true,Dimer,cg,lbfgs,-8461.169779746964,-0.173586253034955,219,doublets,GOOD,0.2573425443903504
42,16,178.134,-4150.524181,0.00877532,true,Dimer,cg,lbfgs,-4149.664282499808,-0.8598985001917754,220,doublets,GOOD,0.1486979164120449
235,103,1175.42,-6348.963438,0.00948607,true,Dimer,cg,lbfgs,-6348.0642395938285,-0.8991984061713083,221,doublets,GOOD,0.46376757774811256
201,94,1051.517,-9343.707318,0.0079338,true,Dimer,cg,lbfgs,-9342.01554274617,-1.691775253830201,222,doublets,GOOD,0.15025538987947165
216,77,1036.171,-6350.949968,0.00950582,true,Dimer,cg,lbfgs,-6349.220362760997,-1.7296052390029217,223,doublets,GOOD,1.1798274662433688
195,92,957.797,-6348.788624,0.00627258,true,Dimer,cg,lbfgs,-6348.622685894928,-0.16593810507220041,224,doublets,GOOD,0.2344482777518813
319,155,1753.203,-8461.28827,0.00973285,true,Dimer,cg,lbfgs,-8460.453625271683,-0.8346447283165617,225,doublets,GOOD,0.47293166792227415
147,68,677.478,-5261.473562,0.00821591,true,Dimer,cg,lbfgs,-5260.781029704171,-0.692532295829551,226,doublets,GOOD,0.20919674613777214
332,142,1682.073,-8376.10234,0.00933629,true,Dimer,cg,lbfgs,-8368.761281785779,-7.3410582142205385,227,doublets,GOOD,33.878264821696455
402,195,1805.338,-6349.768083,0.00618516,true,Dimer,cg,lbfgs,-6346.455165237579,-3.3129177624205113,228,doublets,GOOD,8.303526627426592
315,149,1742.669,-9312.369394,0.00799393,true,Dimer,cg,lbfgs,-9312.207344372675,-0.16204962732444983,229,doublets,GOOD,0.49086076324662037
365,167,2404.748,-9309.59439,0.00940911,true,Dimer,cg,lbfgs,-9307.535244262584,-2.059145737415747,230,doublets,GOOD,0.6876599160807803
341,166,1626.347,-7407.365296,0.00755826,true,Dimer,cg,lbfgs,-7405.889098353674,-1.4761976463259998,231,doublets,GOOD,0.716312163931926
231,108,1263.779,-9430.468288,0.00964632,true,Dimer,cg,lbfgs,-9429.880929600919,-0.587358399081495,232,doublets,GOOD,31.882529320075083
439,210,1862.911,-6262.180884,0.00816509,true,Dimer,cg,lbfgs,-6260.037647133044,-2.143236866956613,233,doublets,GOOD,1.005684140909114
269,116,1165.019,-6263.5893,0.0075897,true,Dimer,cg,lbfgs,-6262.569480249352,-1.0198197506479119,234,doublets,GOOD,0.3821298061608312
157,63,593.712,-7302.154258,0.00949818,true,Dimer,cg,lbfgs,-7301.29104210642,-0.8632158935797634,000,singlets,GOOD,0.32357203050974576
986,321,3525.886,-5190.149964,0.00514234,true,Dimer,cg,lbfgs,-5184.282450198528,-5.867513801472342,001,singlets,GOOD,1.415553577204911
300,138,1216.193,-11351.942914,0.00913055,true,Dimer,cg,lbfgs,-11350.577896706849,-1.3650172931502311,002,singlets,GOOD,0.3664238938768458
464,196,1741.98,-5275.412708,0.00890488,true,Dimer,cg,lbfgs,-5274.130616130569,-1.2820918694305874,003,singlets,GOOD,0.8572482277256323
162,72,796.68,-7299.817656,0.00667902,true,Dimer,cg,lbfgs,-7294.8702320511375,-4.947423948862706,004,singlets,GOOD,0.4141708078638523
310,142,1263.203,-5275.956745,0.00910603,true,Dimer,cg,lbfgs,-5273.426856286707,-2.529888713293076,005,singlets,GOOD,0.45994457511585657
140,60,547.612,-6299.948342,0.00677537,true,Dimer,cg,lbfgs,-6296.709223260205,-3.2391187397943213,006,singlets,GOOD,0.3338326278165353
453,209,1905.705,-9443.818177,0.00984715,true,Dimer,cg,lbfgs,-9441.501135233337,-2.3170417666624417,007,singlets,GOOD,1.8783090484461986
269,113,1032.001,-7333.465717,0.00968791,true,Dimer,cg,lbfgs,-7331.663754421474,-1.8019625785263997,008,singlets,GOOD,0.29415205749828377
276,128,1055.632,-7303.481897,0.00842709,true,Dimer,cg,lbfgs,-7303.113748596006,-0.36814840399347304,009,singlets,GOOD,0.5124705610911218
537,247,1917.082,-4187.436321,0.00996513,true,Dimer,cg,lbfgs,-4181.458769047424,-5.977551952576505,010,singlets,GOOD,1.0765533222394967
294,130,1124.297,-7269.317558,0.00477086,true,Dimer,cg,lbfgs,-7265.661584371102,-3.6559736288973,011,singlets,GOOD,0.615150657335106
323,136,1179.373,-6213.90154,0.00935041,true,Dimer,cg,lbfgs,-6211.748501596569,-2.1530384034304006,012,singlets,GOOD,0.6803310626034773
147,61,531.869,-6246.473209,0.00950651,true,Dimer,cg,lbfgs,-6242.319993466375,-4.153215533624461,013,singlets,GOOD,0.5361970688716255
503,237,1868.104,-6275.288719,0.00704161,true,Dimer,cg,lbfgs,-6272.14544783528,-3.1432711647203178,014,singlets,GOOD,1.1580091309608276
146,65,533.893,-6247.191941,0.00554878,true,Dimer,cg,lbfgs,-6246.7867275175095,-0.40521348249058065,015,singlets,GOOD,0.38504613470888743
1040,500,4140.523,-9328.204664,0.00968633,true,Dimer,cg,lbfgs,-9325.68426566287,-2.5203983371302456,016,singlets,GOOD,2.45245097933006
157,72,602.848,-7302.115033,0.00871291,true,Dimer,cg,lbfgs,-7301.589041020808,-0.5259919791924403,017,singlets,GOOD,0.16758746803275237
623,295,2579.955,-10384.880088,0.0094735,true,Dimer,cg,lbfgs,-10383.619068867127,-1.2610191328731162,018,singlets,GOOD,1.0535273812367023
507,234,2639.562,-8389.807083,0.00895674,true,Dimer,cg,lbfgs,-8388.063807665198,-1.7432753348020924,019,singlets,GOOD,35.23349120248201
473,222,1905.027,-8387.619006,0.00928091,true,Dimer,cg,lbfgs,-8385.286621629957,-2.3323843700436555,020,singlets,GOOD,0.8687963722864765
300,139,1293.661,-9443.568506,0.00802444,true,Dimer,cg,lbfgs,-9440.932531804436,-2.6359741955639038,021,singlets,GOOD,28.036654602902892
348,160,1281.982,-5275.140262,0.00860923,true,Dimer,cg,lbfgs,-5272.2130140880545,-2.9272479119454147,022,singlets,GOOD,0.4990423137666219
309,147,1263.118,-10294.515397,0.00474991,true,Dimer,cg,lbfgs,-10292.400255698356,-2.1151413016432343,023,singlets,GOOD,0.5841391083361767
128,55,499.573,-7300.602319,0.00607513,true,Dimer,cg,lbfgs,-7296.530783005066,-4.071535994933583,024,singlets,GOOD,0.2744103130136792
304,123,1313.002,-9414.358712,0.00906969,true,Dimer,cg,lbfgs,-9411.517661289758,-2.8410507102416886,025,singlets,GOOD,0.4237159468165703
700,332,2784.766,-8387.70588,0.00942847,true,Dimer,cg,lbfgs,-8384.61343692638,-3.0924430736195063,026,singlets,GOOD,21.978018078481423
600,285,2555.623,-9443.828978,0.00977274,true,Dimer,cg,lbfgs,-9441.284934044526,-2.544043955473171,027,singlets,GOOD,24.413014207255326
269,125,1087.37,-7387.513504,0.00793829,true,Dimer,cg,lbfgs,-7386.169824675558,-1.3436793244418368,028,singlets,GOOD,0.31312090846284774
412,193,1633.832,-9329.133358,0.00714911,true,Dimer,cg,lbfgs,-9325.741401013636,-3.3919569863628567,029,singlets,GOOD,0.5884072730377881
1611,750,6661.567,-9446.304915,0.00749031,true,Dimer,cg,lbfgs,-9444.175832815883,-2.1290821841175784,030,singlets,GOOD,3.416826309116132
480,228,1941.735,-10385.506184,0.00963128,true,Dimer,cg,lbfgs,-10383.879691466946,-1.626492533054261,031,singlets,GOOD,20.601335612658385
308,139,1200.462,-10295.091826,0.00981767,true,Dimer,cg,lbfgs,-10294.67403033597,-0.4177956640305638,032,singlets,GOOD,0.525745534459116
2244,734,13278.395,-8354.700099,0.00961179,true,Dimer,cg,lbfgs,-8354.103287614427,-0.5968113855724368,033,singlets,GOOD,1.8851096356860457
0,0,0.0,NaN,NaN,false,Dimer,cg,lbfgs,NaN,NaN,034,singlets,BAD_MAX_ITERATIONS,
204,93,751.568,-7217.537523,0.00853682,true,Dimer,cg,lbfgs,-7216.5993700337995,-0.938152966200505,035,singlets,GOOD,0.4081469481157832
600,286,2599.132,-9443.734771,0.00785574,true,Dimer,cg,lbfgs,-9441.385471733583,-2.349299266415983,036,singlets,GOOD,9.467436658088591
135,52,488.855,-4219.923486,0.00944134,true,Dimer,cg,lbfgs,-4218.000824059353,-1.9226619406463215,037,singlets,GOOD,0.32477315405777074
541,241,2273.124,-9325.654507,0.00755658,true,Dimer,cg,lbfgs,-9322.609260421155,-3.045246578843944,038,singlets,GOOD,1.1387727719412297
190,70,693.84,-5276.731743,0.00831256,true,Dimer,cg,lbfgs,-5272.57437694284,-4.157366057160289,039,singlets,GOOD,0.48444187535987676
306,134,1277.619,-10386.798901,0.00910511,true,Dimer,cg,lbfgs,-10378.405843186121,-8.39305781387884,040,singlets,GOOD,1.153107851666655
1205,592,4985.713,-9447.525715,0.00953845,true,Dimer,cg,lbfgs,-9446.609928739772,-0.9157862602278328,041,singlets,GOOD,17.45691364076187
357,149,1384.639,-7268.578427,0.00840101,true,Dimer,cg,lbfgs,-7265.3394546975005,-3.2389723024998602,042,singlets,GOOD,0.5754470021784487
761,367,2887.912,-7334.981232,0.00984352,true,Dimer,cg,lbfgs,-7334.136663151666,-0.8445688483343474,043,singlets,GOOD,11.457399722683366
0,0,0.0,NaN,NaN,false,Dimer,cg,lbfgs,NaN,NaN,044,singlets,BAD_HIGH_ENERGY,
296,132,1084.447,-5189.497384,0.00673431,true,Dimer,cg,lbfgs,-5187.196022177303,-2.30136182269689,045,singlets,GOOD,0.6520296128323876
172,74,674.793,-6331.012388,0.00900502,true,Dimer,cg,lbfgs,-6329.3487363289805,-1.6636516710195792,046,singlets,GOOD,0.3361819553463661
347,143,1393.685,-9327.918935,0.00780849,true,Dimer,cg,lbfgs,-9326.081141973284,-1.8377930267160991,047,singlets,GOOD,0.39108458094057835
459,164,1888.02,-11353.410713,0.00680749,true,Dimer,cg,lbfgs,-11353.834305243021,0.42359224302163057,048,singlets,GOOD,2.7481863271054228
290,126,1213.566,-8445.616862,0.00887338,true,Dimer,cg,lbfgs,-8443.051905278075,-2.564956721926137,049,singlets,GOOD,0.2906407087533722
310,143,1149.175,-5275.140266,0.00945337,true,Dimer,cg,lbfgs,-5271.984416551822,-3.155849448178742,050,singlets,GOOD,0.8836644938278465
1160,557,4897.614,-9444.105737,0.00883096,true,Dimer,cg,lbfgs,-9440.949828288403,-3.1559087115965667,051,singlets,GOOD,38.00336205260777
623,295,2454.41,-9328.589884,0.0065269,true,Dimer,cg,lbfgs,-9327.329639910142,-1.260244089859043,052,singlets,GOOD,0.9305727542225753
239,103,850.534,-5244.562424,0.00996419,true,Dimer,cg,lbfgs,-5243.517403973129,-1.0450200268705885,053,singlets,GOOD,0.49155677554304145
672,317,2859.088,-9445.387828,0.00931165,true,Dimer,cg,lbfgs,-9445.498738683116,0.11091068311543495,054,singlets,GOOD,1.4720486185353283
463,219,1962.599,-9444.140024,0.00957331,true,Dimer,cg,lbfgs,-9441.550888255837,-2.5891357441632863,055,singlets,GOOD,1.9572695125953814
399,176,1496.71,-8273.802076,0.00937528,true,Dimer,cg,lbfgs,-8272.224364219866,-1.5777117801335407,056,singlets,GOOD,0.6725569019434308
524,237,2085.407,-8389.765105,0.00872282,true,Dimer,cg,lbfgs,-8387.594035951672,-2.171069048328718,057,singlets,GOOD,1.2522316670789888
421,180,1746.712,-10294.38211,0.00903182,true,Dimer,cg,lbfgs,-10292.243915310504,-2.138194689496231,058,singlets,GOOD,0.6000555709862946
298,132,1074.786,-5189.497307,0.0079739,true,Dimer,cg,lbfgs,-5187.194387143404,-2.3029198565955085,059,singlets,GOOD,0.5299452680817983
0,0,0.0,NaN,NaN,false,Dimer,cg,lbfgs,NaN,NaN,060,singlets,OPTIMIZER_ERROR,
156,66,603.534,-7299.813828,0.00454568,true,Dimer,cg,lbfgs,-7297.483641689028,-2.3301863109718397,061,singlets,GOOD,0.23172671241574364
233,96,824.973,-4187.261395,0.00823392,true,Dimer,cg,lbfgs,-4185.251464509959,-2.00993049004137,062,singlets,GOOD,0.37826246065632474
263,109,1002.808,-7269.633232,0.00441747,true,Dimer,cg,lbfgs,-7263.621486930284,-6.0117450697161985,063,singlets,GOOD,0.5691666594940052
175,70,696.437,-6245.096258,0.00972801,true,Dimer,cg,lbfgs,-6243.210422533613,-1.8858354663861974,064,singlets,GOOD,0.2717841995327553
154,59,548.12,-4219.92349,0.00958494,true,Dimer,cg,lbfgs,-4218.003511693773,-1.919978306226767,065,singlets,GOOD,0.2825101888227169
609,232,2197.125,-4219.082355,0.00977221,true,Dimer,cg,lbfgs,-4215.362075099203,-3.720279900796413,066,singlets,GOOD,41.82884041765425
623,293,2645.647,-9445.217922,0.00996466,true,Dimer,cg,lbfgs,-9445.356382429703,0.1384604297036276,067,singlets,GOOD,1.6444246442632802
270,112,1141.547,-8444.978842,0.00629243,true,Dimer,cg,lbfgs,-8441.253460311913,-3.7253816880875092,068,singlets,GOOD,0.28813452574095066
481,224,1856.276,-9328.23317,0.00977894,true,Dimer,cg,lbfgs,-9327.279410284298,-0.9537597157013806,069,singlets,GOOD,3.5223906598745405
374,172,1696.166,-9445.232122,0.00761672,true,Dimer,cg,lbfgs,-9444.048083090558,-1.1840389094413695,070,singlets,GOOD,3.3978210985681963
245,99,890.516,-4188.082235,0.00745279,true,Dimer,cg,lbfgs,-4186.0114329667385,-2.070802033261316,071,singlets,GOOD,0.9323868860392015
299,141,1140.502,-7334.834431,0.00881881,true,Dimer,cg,lbfgs,-7333.880563804163,-0.9538671958371197,072,singlets,GOOD,0.3517943555136778
728,346,3076.76,-9443.973064,0.00965639,true,Dimer,cg,lbfgs,-9441.07463838813,-2.898425611869243,073,singlets,GOOD,22.84507791791162
254,113,937.216,-5276.1123,0.00946706,true,Dimer,cg,lbfgs,-5272.913555407001,-3.1987445929989917,074,singlets,GOOD,0.4534329008007596
162,71,593.64,-8272.94936,0.00760015,true,Dimer,cg,lbfgs,-8271.48169961179,-1.4676603882107884,075,singlets,GOOD,0.23236590715786817
826,397,3371.757,-7386.548399,0.00729992,true,Dimer,cg,lbfgs,-7383.34066095653,-3.207738043470272,076,singlets,GOOD,13.607435585200355
292,128,1123.636,-7268.753,0.00663617,true,Dimer,cg,lbfgs,-7266.364882501636,-2.388117498363499,077,singlets,GOOD,0.5646892822656784
965,461,3849.852,-9328.204644,0.0082309,true,Dimer,cg,lbfgs,-9321.992100994734,-6.212543005265616,078,singlets,GOOD,24.825827271633884
79,33,282.906,-6213.358932,0.00775499,true,Dimer,cg,lbfgs,-6210.9516252539115,-2.4073067460885795,079,singlets,GOOD,0.22585564047361956
178,77,681.627,-8272.208017,0.00853182,true,Dimer,cg,lbfgs,-8270.945137363806,-1.2628796361950663,080,singlets,GOOD,0.4510210203480794
1096,517,4345.017,-8390.257329,0.00958018,true,Dimer,cg,lbfgs,-8387.191309967455,-3.0660190325452277,081,singlets,GOOD,6.582788867319524
641,299,2555.814,-8389.80789,0.00839185,true,Dimer,cg,lbfgs,-8388.10137863394,-1.7065113660592033,082,singlets,GOOD,2.465478772859389
138,57,543.766,-6330.846419,0.00907471,true,Dimer,cg,lbfgs,-6328.5858273028325,-2.2605916971679108,083,singlets,GOOD,0.23367469292403348
229,90,857.339,-6302.244309,0.00768116,true,Dimer,cg,lbfgs,-6300.863650793803,-1.3806582061970403,084,singlets,GOOD,0.48163116453493304
213,81,769.752,-6213.645553,0.00836709,true,Dimer,cg,lbfgs,-6208.248189751265,-5.397363248735019,085,singlets,GOOD,0.8680454476228475
946,456,4000.372,-9445.417764,0.00879602,true,Dimer,cg,lbfgs,-9445.507612739808,0.08984873980807606,086,singlets,GOOD,1.3384610347394255
102,38,373.258,-4186.622982,0.00671976,true,Dimer,cg,lbfgs,-4182.5690840963825,-4.053897903617326,087,singlets,GOOD,0.6543839018601679
168,70,652.467,-6333.083334,0.00851461,true,Dimer,cg,lbfgs,-6332.307293722661,-0.7760402773392343,088,singlets,GOOD,0.214752077100917
106,34,378.427,-5156.712314,0.00741172,true,Dimer,cg,lbfgs,-5151.210157160384,-5.502156839615964,089,singlets,GOOD,3.56636941930567
159,63,560.038,-4219.923491,0.00632885,true,Dimer,cg,lbfgs,-4217.996810108781,-1.9266808912188935,090,singlets,GOOD,0.3016938171434568
275,123,1066.574,-7331.153207,0.00926951,true,Dimer,cg,lbfgs,-7328.834477763901,-2.3187292360989886,091,singlets,GOOD,2.073232181160642
120,49,426.417,-6213.793235,0.00959885,true,Dimer,cg,lbfgs,-6212.7368193609245,-1.056415639075567,092,singlets,GOOD,0.24047971704715884
210,95,860.842,-10384.267422,0.00967499,true,Dimer,cg,lbfgs,-10382.116981965155,-2.150440034845815,093,singlets,GOOD,0.303515693555496
511,242,2015.219,-9328.219957,0.00934225,true,Dimer,cg,lbfgs,-9326.985227695097,-1.2347293049024302,094,singlets,GOOD,3.3637538782938106
537,236,2212.857,-10384.567147,0.00989697,true,Dimer,cg,lbfgs,-10382.275430321828,-2.291716678171724,095,singlets,GOOD,0.4809292798805493
311,144,1134.44,-7216.165506,0.00716367,true,Dimer,cg,lbfgs,-7212.363274255134,-3.802231744866731,096,singlets,GOOD,1.75100346550016
773,356,3235.274,-9446.42827,0.00925448,true,Dimer,cg,lbfgs,-9440.991186090008,-5.437083909991998,097,singlets,GOOD,17.567567180998832
581,277,2444.512,-9443.655341,0.00787457,true,Dimer,cg,lbfgs,-9441.220703636589,-2.4346373634107294,098,singlets,GOOD,35.53537355455037
640,302,2574.743,-7386.211483,0.00896942,true,Dimer,cg,lbfgs,-7383.479314008094,-2.732168991906292,099,singlets,GOOD,15.490288355258555
352,143,1299.029,-7216.608131,0.00831082,true,Dimer,cg,lbfgs,-7213.391594934754,-3.216536065246146,100,singlets,GOOD,0.5544721621365718
273,118,999.907,-8181.861315,0.0091182,true,Dimer,cg,lbfgs,-8179.992107116057,-1.8692078839430906,101,singlets,GOOD,0.759916592619327
382,178,1434.164,-5275.140267,0.0072077,true,Dimer,cg,lbfgs,-5272.131397223987,-3.0088697760129435,102,singlets,GOOD,0.4931035770425427
472,224,1860.384,-10296.019666,0.00863993,true,Dimer,cg,lbfgs,-10295.364479219408,-0.6551867805919755,103,singlets,GOOD,0.5686798821945935
440,204,1800.543,-8387.511105,0.00951792,true,Dimer,cg,lbfgs,-8384.761716699855,-2.7493883001443464,104,singlets,GOOD,4.426658758277224
435,202,1951.981,-9445.114217,0.00937222,true,Dimer,cg,lbfgs,-9444.052018568937,-1.0621984310637345,105,singlets,GOOD,0.5066268766597052
445,203,1687.667,-8269.312767,0.00761202,true,Dimer,cg,lbfgs,-8266.930337176495,-2.3824298235049355,106,singlets,GOOD,22.278382249868386
613,266,2434.569,-9328.334264,0.00830009,true,Dimer,cg,lbfgs,-9324.829148148408,-3.5051158515907446,107,singlets,GOOD,0.7379553175444002
425,191,1594.696,-7270.445603,0.00694663,true,Dimer,cg,lbfgs,-7263.266399461477,-7.179203538523325,108,singlets,GOOD,32.97881140529116
170,72,639.739,-6300.50757,0.00460017,true,Dimer,cg,lbfgs,-6292.10217565144,-8.40539434855964,109,singlets,GOOD,0.32701051860599684
1088,511,4507.822,-10382.454705,0.00897234,true,Dimer,cg,lbfgs,-10379.92768754214,-2.5270174578599836,110,singlets,GOOD,13.765913782142347
172,73,670.211,-6331.012393,0.00915151,true,Dimer,cg,lbfgs,-6329.339807355386,-1.6725856446137186,111,singlets,GOOD,0.25388194231397504
130,50,497.789,-6333.138044,0.00916836,true,Dimer,cg,lbfgs,-6332.519429619324,-0.618614380676263,112,singlets,GOOD,0.21507843085604791
381,179,1605.616,-9416.044188,0.00926105,true,Dimer,cg,lbfgs,-9415.670522089247,-0.3736659107526066,113,singlets,GOOD,0.6612525582072962
386,179,1641.591,-9443.698904,0.00946821,true,Dimer,cg,lbfgs,-9441.535513137658,-2.163390862342567,114,singlets,GOOD,4.773877380133584
0,0,0.0,NaN,NaN,false,Dimer,cg,lbfgs,NaN,NaN,115,singlets,OPTIMIZER_ERROR,
503,223,2307.723,-10382.07617,0.00682705,true,Dimer,cg,lbfgs,-10378.031877228997,-4.044292771002802,116,singlets,GOOD,1.2677471891492935
132,59,477.112,-3162.585423,0.00844822,true,Dimer,cg,lbfgs,-3160.5127648855264,-2.0726581144735974,117,singlets,GOOD,0.37440255259981997
1166,551,4583.611,-9326.406973,0.00992055,true,Dimer,cg,lbfgs,-9323.114596335896,-3.292376664103358,118,singlets,GOOD,37.79546121417746
0,0,0.0,NaN,NaN,false,Dimer,cg,lbfgs,NaN,NaN,119,singlets,BAD_MAX_ITERATIONS,
184,77,663.599,-5243.678835,0.007044,true,Dimer,cg,lbfgs,-5219.584254937107,-24.09458006289242,120,singlets,GOOD,0.41998655273922836
141,55,515.026,-4219.923488,0.00850642,true,Dimer,cg,lbfgs,-4218.003870984996,-1.9196170150044054,121,singlets,GOOD,0.2994662955611563
654,304,2777.204,-8442.488449,0.00825127,true,Dimer,cg,lbfgs,-8439.973931608652,-2.5145173913479084,122,singlets,GOOD,1.1852823381866275
753,346,3006.023,-8389.732263,0.00965185,true,Dimer,cg,lbfgs,-8387.742445343076,-1.9898176569240604,123,singlets,GOOD,10.365725873315705
248,117,1017.752,-8358.405176,0.00846198,true,Dimer,cg,lbfgs,-8357.886770648836,-0.5184053511638922,124,singlets,GOOD,0.29660454887784804
645,298,2521.201,-10295.016166,0.00510139,true,Dimer,cg,lbfgs,-10287.876132042462,-7.140033957537526,125,singlets,GOOD,0.89931100982887
512,228,2169.342,-10384.323977,0.00754651,true,Dimer,cg,lbfgs,-10382.321647064195,-2.002329935805392,126,singlets,GOOD,21.436525638527947
218,93,748.009,-4164.973147,0.00637426,true,Dimer,cg,lbfgs,-4161.798968015219,-3.174178984781065,127,singlets,GOOD,0.48277980850266355
407,153,1520.812,-6214.778897,0.00852208,true,Dimer,cg,lbfgs,-6207.757291718538,-7.0216052814621435,128,singlets,GOOD,1.8807740705104061
268,112,986.781,-5276.932265,0.00879781,true,Dimer,cg,lbfgs,-5275.520086059757,-1.4121789402433933,129,singlets,GOOD,0.4515694869235637
367,165,1346.456,-5275.140267,0.00540273,true,Dimer,cg,lbfgs,-5272.03303214519,-3.107234854809576,130,singlets,GOOD,0.55725851282905
379,171,1407.839,-5242.189864,0.00922125,true,Dimer,cg,lbfgs,-5238.690024391727,-3.4998396082728505,131,singlets,GOOD,3.1349374323358608
396,181,1686.148,-10384.509718,0.00917645,true,Dimer,cg,lbfgs,-10378.25441175348,-6.255306246519467,132,singlets,GOOD,0.9238479223123311
354,158,1409.347,-8389.667311,0.00791248,true,Dimer,cg,lbfgs,-8388.733120515599,-0.9341904844004603,133,singlets,GOOD,0.7378188747826928
332,115,1219.962,-5243.67884,0.00571214,true,Dimer,cg,lbfgs,-5244.215284628956,0.536444628956815,134,singlets,GOOD,0.9999273838813237
326,153,1276.202,-9330.133454,0.0093061,true,Dimer,cg,lbfgs,-9328.967201116286,-1.1662528837150603,135,singlets,GOOD,0.4175218540820317
227,92,820.165,-6245.914321,0.00785108,true,Dimer,cg,lbfgs,-6244.276628069884,-1.637692930115918,136,singlets,GOOD,0.5561169232224499
563,228,2076.272,-4220.409211,0.00809139,true,Dimer,cg,lbfgs,-4212.249036391185,-8.160174608815396,137,singlets,GOOD,1.4686855399964567
715,331,2983.641,-9414.435196,0.00906366,true,Dimer,cg,lbfgs,-9414.949149613522,0.5139536135211529,138,singlets,GOOD,1.331168001492517
212,91,854.137,-7301.233384,0.00674765,true,Dimer,cg,lbfgs,-7299.8945045461705,-1.338879453829577,139,singlets,GOOD,0.28495724956497864
381,167,1446.532,-7270.396012,0.00972813,true,Dimer,cg,lbfgs,-7258.879658154835,-11.516353845165213,140,singlets,GOOD,0.5712987868175234
227,102,872.442,-10296.134146,0.00669175,true,Dimer,cg,lbfgs,-10295.39945749178,-0.7346885082206427,141,singlets,GOOD,0.3362241777428321
502,223,1937.655,-6300.982393,0.00518366,true,Dimer,cg,lbfgs,-6297.965543811842,-3.0168491881586306,142,singlets,GOOD,2.9131597865183876
347,153,1940.214,-9325.230176,0.00757905,true,Dimer,cg,lbfgs,-9321.479380973138,-3.750795026860942,143,singlets,GOOD,0.6057142451311375
273,116,1007.54,-6246.399252,0.0059418,true,Dimer,cg,lbfgs,-6245.793873258009,-0.6053787419914443,144,singlets,GOOD,0.5219224972623226
362,171,1459.199,-11350.548169,0.00914293,true,Dimer,cg,lbfgs,-11348.958839913881,-1.589329086118596,145,singlets,GOOD,0.5569616262231805
538,240,2038.549,-7333.852884,0.00920584,true,Dimer,cg,lbfgs,-7328.570087537642,-5.28279646235751,146,singlets,GOOD,1.2670463930112195
104,44,394.694,-7302.300543,0.00973151,true,Dimer,cg,lbfgs,-7301.437600664028,-0.8629423359725479,147,singlets,GOOD,0.27435187574987757
678,324,2658.877,-8390.172746,0.00746183,true,Dimer,cg,lbfgs,-8389.154499561364,-1.0182464386361971,148,singlets,GOOD,3.578331279178399
647,256,2344.126,-4219.082354,0.00840226,true,Dimer,cg,lbfgs,-4215.364656563966,-3.717697436034541,149,singlets,GOOD,28.922368546255
617,285,2547.523,-10382.406307,0.00757353,true,Dimer,cg,lbfgs,-10379.845779889964,-2.560527110035764,150,singlets,GOOD,9.933920069114697
438,195,1604.466,-6277.5481,0.00538384,true,Dimer,cg,lbfgs,-6272.193972465311,-5.354127534688814,151,singlets,GOOD,0.871399552710335
245,93,910.357,-8182.907571,0.00741307,true,Dimer,cg,lbfgs,-8180.420812131441,-2.486758868558354,152,singlets,GOOD,1.0117615987607826
259,115,991.979,-7301.368537,0.00559187,true,Dimer,cg,lbfgs,-7298.2340314300045,-3.134505569995781,153,singlets,GOOD,0.38799696751454954
536,256,2292.972,-8443.851093,0.00911372,true,Dimer,cg,lbfgs,-8441.876340434086,-1.9747525659131497,154,singlets,GOOD,18.349160582911686
149,65,578.31,-6330.846486,0.00754484,true,Dimer,cg,lbfgs,-6328.6124027146825,-2.2340832853178654,155,singlets,GOOD,0.22958064882626264
297,134,1138.258,-6329.981311,0.00967894,true,Dimer,cg,lbfgs,-6327.375058960876,-2.6062520391233193,156,singlets,GOOD,0.5316786244463356
560,261,2378.766,-9412.068551,0.00975623,true,Dimer,cg,lbfgs,-9409.253022119452,-2.8155288805482996,157,singlets,GOOD,8.909941875968245
0,0,0.0,NaN,NaN,false,Dimer,cg,lbfgs,NaN,NaN,158,singlets,BAD_MAX_ITERATIONS,
172,66,650.92,-7269.697131,0.00976259,true,Dimer,cg,lbfgs,-7268.8978173279165,-0.7993136720833718,159,singlets,GOOD,0.22989161098425548
876,405,3525.847,-11350.556257,0.00844054,true,Dimer,cg,lbfgs,-11350.198796244316,-0.35746075568386004,160,singlets,GOOD,7.43927242420408
230,102,909.625,-9328.575905,0.00964296,true,Dimer,cg,lbfgs,-9327.202528443417,-1.3733765565830254,161,singlets,GOOD,0.48032102823777645
140,57,497.362,-4187.319095,0.00654294,true,Dimer,cg,lbfgs,-4186.5499312456795,-0.7691637543202887,162,singlets,GOOD,0.23299681817495543
178,75,664.573,-6300.507565,0.00736034,true,Dimer,cg,lbfgs,-6294.335595403707,-6.171969596292911,163,singlets,GOOD,0.3200268502489511
466,220,1781.724,-7333.171786,0.00916156,true,Dimer,cg,lbfgs,-7332.152369084485,-1.0194169155147392,164,singlets,GOOD,11.773011898107537
396,153,1745.118,-11350.771172,0.00863977,true,Dimer,cg,lbfgs,-11348.572969274126,-2.19820272587458,165,singlets,GOOD,0.5503632341009456
376,170,1442.048,-7333.48005,0.00848584,true,Dimer,cg,lbfgs,-7331.781049565104,-1.699000434896334,166,singlets,GOOD,19.625182155794974
264,114,1114.022,-9446.151784,0.00845524,true,Dimer,cg,lbfgs,-9445.562649905278,-0.589134094721885,167,singlets,GOOD,0.7462839348100432
92,39,345.884,-6246.025748,0.00914141,true,Dimer,cg,lbfgs,-6245.43034748343,-0.5954005165704075,168,singlets,GOOD,0.18318417250373628
1428,503,5347.337,-7301.556866,0.00919807,true,Dimer,cg,lbfgs,-7266.12987637305,-35.42698962694976,169,singlets,GOOD,30.719696663727387
408,190,1749.166,-8388.828923,0.0071487,true,Dimer,cg,lbfgs,-8387.783437816366,-1.0454851836329908,170,singlets,GOOD,0.5702584394561697
357,163,1447.705,-7332.566871,0.00803599,true,Dimer,cg,lbfgs,-7331.390256929681,-1.1766140703193742,171,singlets,GOOD,1.0067145304932652
481,207,1737.514,-6245.78345,0.00890636,true,Dimer,cg,lbfgs,-6244.778033124346,-1.0054168756541912,172,singlets,GOOD,1.068743267248643
598,282,2723.216,-9445.221888,0.00921932,true,Dimer,cg,lbfgs,-9443.910933346468,-1.3109546535324625,173,singlets,GOOD,4.996585582900273
142,61,552.081,-8182.257954,0.00847385,true,Dimer,cg,lbfgs,-8179.014338052111,-3.243615947888429,174,singlets,GOOD,0.5617816590490319
154,66,583.982,-6299.114062,0.00620739,true,Dimer,cg,lbfgs,-6297.1784532280435,-1.9356087719561401,175,singlets,GOOD,0.24827164484365108
130,43,467.735,-5244.692476,0.00700514,true,Dimer,cg,lbfgs,-5241.437426313321,-3.2550496866788308,176,singlets,GOOD,0.303538972394852
614,292,2396.543,-6330.245799,0.00850408,true,Dimer,cg,lbfgs,-6326.915990287312,-3.3298087126886458,177,singlets,GOOD,20.85993273316015
180,80,701.249,-6331.012393,0.00938034,true,Dimer,cg,lbfgs,-6329.324439189528,-1.6879538104722087,178,singlets,GOOD,0.2538265253378503
380,164,1380.598,-5189.497392,0.00658578,true,Dimer,cg,lbfgs,-5186.084005546415,-3.41338645358519,179,singlets,GOOD,6.424247860916286
369,155,1338.252,-6245.885533,0.00466437,true,Dimer,cg,lbfgs,-6244.185894496161,-1.6996385038382869,180,singlets,GOOD,0.8161758719872946
548,241,2154.4,-9329.290253,0.0069246,true,Dimer,cg,lbfgs,-9326.166564344732,-3.1236886552669603,181,singlets,GOOD,0.7871918060429522
1116,541,4616.995,-9446.544747,0.0088029,true,Dimer,cg,lbfgs,-9445.260651320692,-1.2840956793079386,182,singlets,GOOD,15.547838633252354
777,372,3250.075,-10383.815951,0.00962924,true,Dimer,cg,lbfgs,-10379.614573054332,-4.201377945668355,183,singlets,GOOD,1.7054447983056278
263,119,1018.654,-7299.591255,0.00910329,true,Dimer,cg,lbfgs,-7296.808096133245,-2.7831588667550022,184,singlets,GOOD,0.43513318020762226
188,78,694.004,-5276.792753,0.00940779,true,Dimer,cg,lbfgs,-5275.504593754657,-1.2881592453422854,185,singlets,GOOD,0.2815055760614292
220,96,840.788,-7333.504498,0.00688209,true,Dimer,cg,lbfgs,-7332.846319947209,-0.6581780527912997,186,singlets,GOOD,0.21559564928490482
195,88,791.585,-11352.836528,0.00959996,true,Dimer,cg,lbfgs,-11351.657037963807,-1.179490036192874,187,singlets,GOOD,0.21004080981640966
247,100,1330.201,-10294.327556,0.0094232,true,Dimer,cg,lbfgs,-10292.60118420467,-1.7263717953301239,188,singlets,GOOD,0.3358165646515761
127,52,453.371,-5188.421919,0.00947128,true,Dimer,cg,lbfgs,-5187.560265561167,-0.8616534388329455,189,singlets,GOOD,0.30994924282516495
383,181,1444.904,-8273.101307,0.00830678,true,Dimer,cg,lbfgs,-8271.960113100771,-1.14119389922962,190,singlets,GOOD,1.3660466920519283
550,260,2329.151,-9443.741255,0.00958643,true,Dimer,cg,lbfgs,-9441.211284743242,-2.529970256759043,191,singlets,GOOD,1.282283755312926
158,68,603.625,-6330.846488,0.00774457,true,Dimer,cg,lbfgs,-6328.619424022876,-2.2270639771240894,192,singlets,GOOD,0.24732614651395637
413,190,1740.494,-9446.009668,0.00957113,true,Dimer,cg,lbfgs,-9444.214651769673,-1.7950162303277466,193,singlets,GOOD,1.0851215595320418
111,39,391.337,-5156.693785,0.00501411,true,Dimer,cg,lbfgs,-5152.577784155855,-4.116000844145674,194,singlets,GOOD,1.0987654597844188
294,135,1092.933,-5274.614879,0.00980283,true,Dimer,cg,lbfgs,-5272.954708523852,-1.6601704761478686,195,singlets,GOOD,1.1048812165359685
1099,489,4980.577,-9327.01618,0.00833734,true,Dimer,cg,lbfgs,-9323.495713611203,-3.520466388798013,196,singlets,GOOD,29.017545422800527
460,219,1803.625,-9328.742895,0.00884889,true,Dimer,cg,lbfgs,-9326.163243123448,-2.5796518765509973,197,singlets,GOOD,23.573964419309323
361,175,1425.843,-8391.174887,0.00891469,true,Dimer,cg,lbfgs,-8390.464744576515,-0.7101424234842852,198,singlets,GOOD,1.272298645436713
260,122,959.406,-7215.524462,0.00426383,true,Dimer,cg,lbfgs,-7210.121319505761,-5.403142494239546,199,singlets,GOOD,1.5807802324664895
319,146,1285.78,-8387.467718,0.00754359,true,Dimer,cg,lbfgs,-8385.277553008591,-2.190164991408892,200,singlets,GOOD,2.7314108324709956
919,432,3471.282,-7333.809137,0.00825681,true,Dimer,cg,lbfgs,-7332.075231238448,-1.7339057615517959,201,singlets,GOOD,1.241546188349415
560,241,2098.882,-5275.792965,0.00611509,true,Dimer,cg,lbfgs,-5271.63676604434,-4.15619895565942,202,singlets,GOOD,2.2677221644473122
251,112,971.799,-8271.893488,0.00882598,true,Dimer,cg,lbfgs,-8270.294099136005,-1.5993888639950455,203,singlets,GOOD,0.42689562448033314
223,104,894.143,-8357.862003,0.00572882,true,Dimer,cg,lbfgs,-8356.059928687553,-1.8020743124470755,204,singlets,GOOD,0.4163799683843389
141,51,531.898,-7270.947774,0.00656349,true,Dimer,cg,lbfgs,-7268.436866020786,-2.5109079792146076,205,singlets,GOOD,0.47458484420827696
179,78,696.652,-6276.309144,0.00839876,true,Dimer,cg,lbfgs,-6275.149092012672,-1.1600519873281883,206,singlets,GOOD,0.27014665208414634
794,373,2957.327,-7333.958109,0.00938981,true,Dimer,cg,lbfgs,-7330.63403041375,-3.324078586249925,207,singlets,GOOD,40.54717334990149
482,230,1786.63,-8273.379844,0.00802524,true,Dimer,cg,lbfgs,-8272.234729099688,-1.1451149003114551,208,singlets,GOOD,29.466592801560015
277,124,1148.15,-9327.266191,0.00867981,true,Dimer,cg,lbfgs,-9326.177072954933,-1.0891180450671527,209,singlets,GOOD,18.129893858645797
218,95,820.59,-9239.137277,0.00785512,true,Dimer,cg,lbfgs,-9238.277116216403,-0.8601607835971663,210,singlets,GOOD,0.5192318448149543
649,307,2745.795,-9443.828984,0.0087654,true,Dimer,cg,lbfgs,-9441.19687248785,-2.6321115121500043,211,singlets,GOOD,1.5623154801817223
218,93,1104.187,-6245.608964,0.00900414,true,Dimer,cg,lbfgs,-6244.186013253726,-1.4229507462741822,212,singlets,GOOD,0.4703407011489433
871,299,3471.1,-8359.053572,0.00924392,true,Dimer,cg,lbfgs,-8355.830756085425,-3.222815914576131,213,singlets,GOOD,36.250042235367964
476,209,1900.912,-9327.613438,0.00621988,true,Dimer,cg,lbfgs,-9325.41178594323,-2.201652056770399,214,singlets,GOOD,0.6180410929903131
177,78,704.871,-6331.012398,0.00920179,true,Dimer,cg,lbfgs,-6329.228690408489,-1.7837075915113019,215,singlets,GOOD,0.27861261710167784
94,40,347.79,-6246.025752,0.00898881,true,Dimer,cg,lbfgs,-6245.386636945606,-0.6391150543931872,216,singlets,GOOD,0.270459730623515
346,159,1707.365,-5275.140267,0.00572122,true,Dimer,cg,lbfgs,-5272.270453796567,-2.869813203432386,217,singlets,GOOD,0.53116583585115
124,54,502.385,-11351.641289,0.00732595,true,Dimer,cg,lbfgs,-11349.702771794604,-1.9385172053953283,218,singlets,GOOD,0.256159159393333
842,351,3366.613,-9328.280982,0.00727793,true,Dimer,cg,lbfgs,-9324.933007957921,-3.3479740420789312,219,singlets,GOOD,9.615087321703895
123,50,475.168,-7302.761467,0.0094883,true,Dimer,cg,lbfgs,-7297.328729668137,-5.4327373318628815,220,singlets,GOOD,0.30190868547026406
531,251,2254.917,-9443.778229,0.00962388,true,Dimer,cg,lbfgs,-9441.311473002508,-2.4667559974914184,221,singlets,GOOD,1.1568008457931982
154,61,540.764,-4219.923493,0.00653597,true,Dimer,cg,lbfgs,-4218.002706490439,-1.920786509561367,222,singlets,GOOD,0.31217403939678573
279,123,1085.455,-9330.502132,0.00995689,true,Dimer,cg,lbfgs,-9329.17236820586,-1.3297637941395806,223,singlets,GOOD,0.329809380455129
554,256,2107.806,-7301.813836,0.00893885,true,Dimer,cg,lbfgs,-7302.388491071758,0.5746550717576611,224,singlets,GOOD,0.9266240411770653
2467,821,9327.993,-7269.694483,0.00873961,true,Dimer,cg,lbfgs,-7260.888395744713,-8.806087255286911,225,singlets,GOOD,33.49429595036375
313,147,1303.666,-7387.849204,0.00941732,true,Dimer,cg,lbfgs,-7385.696056855869,-2.1531471441312533,226,singlets,GOOD,0.39807010964201245
345,127,1245.433,-4187.2614,0.0034051,true,Dimer,cg,lbfgs,-4185.109797531812,-2.1516024681886847,227,singlets,GOOD,0.3322189675580408
450,196,1638.385,-5243.585052,0.00768014,true,Dimer,cg,lbfgs,-5238.956403138428,-4.628648861572401,228,singlets,GOOD,0.7599568531957421
179,71,645.936,-7217.5371,0.00951858,true,Dimer,cg,lbfgs,-7215.748840971194,-1.7882590288054416,229,singlets,GOOD,0.5658383309333221
185,82,715.914,-7299.856622,0.00826488,true,Dimer,cg,lbfgs,-7297.427791292484,-2.4288307075166813,230,singlets,GOOD,0.33024639183651444
994,480,4261.938,-8442.836506,0.0092708,true,Dimer,cg,lbfgs,-8439.570995681248,-3.2655103187516943,231,singlets,GOOD,25.86024610697673
447,213,1824.552,-10386.911755,0.00752484,true,Dimer,cg,lbfgs,-10385.852954829623,-1.0588001703763439,232,singlets,GOOD,4.8231125909533406
142,64,518.84,-6245.075335,0.00771998,true,Dimer,cg,lbfgs,-6243.414421022132,-1.660913977868404,233,singlets,GOOD,0.5787756975372222
498,229,2008.935,-7386.20265,0.00885086,true,Dimer,cg,lbfgs,-7384.048856657056,-2.153793342944482,234,singlets,GOOD,14.824170788387462
397,185,1529.244,-6329.981325,0.00671482,true,Dimer,cg,lbfgs,-6327.87669784765,-2.1046271523500764,235,singlets,GOOD,23.367293365982363
338,155,1416.042,-10385.010295,0.00653464,true,Dimer,cg,lbfgs,-10383.549713418772,-1.4605815812283254,236,singlets,GOOD,1.018733456271484
467,213,1937.962,-9446.093349,0.00679063,true,Dimer,cg,lbfgs,-9445.053096239146,-1.0402527608548553,237,singlets,GOOD,0.8381906386550965
474,215,1934.661,-11349.258666,0.00973477,true,Dimer,cg,lbfgs,-11346.652340447756,-2.606325552244016,238,singlets,GOOD,0.8831626541660716
429,194,2240.625,-6298.527832,0.00991658,true,Dimer,cg,lbfgs,-6296.419827167876,-2.1080048321236973,239,singlets,GOOD,0.6480211571825251
107,40,381.766,-4187.261398,0.00766827,true,Dimer,cg,lbfgs,-4180.622038260157,-6.639359739842803,240,singlets,GOOD,1.0100833618727207
251,108,890.543,-6160.136884,0.00621519,true,Dimer,cg,lbfgs,-6156.673488732256,-3.4633952677431807,241,singlets,GOOD,1.2767066601178556
249,99,877.942,-3162.89222,0.00741473,true,Dimer,cg,lbfgs,-3160.928117622285,-1.964102377715335,242,singlets,GOOD,0.973933718345951
924,427,3641.733,-8389.900232,0.00800844,true,Dimer,cg,lbfgs,-8387.783096242503,-2.117135757496726,243,singlets,GOOD,1.7714568616193578
510,230,2034.944,-7390.000899,0.00932535,true,Dimer,cg,lbfgs,-7386.59447343442,-3.4064255655794113,244,singlets,GOOD,8.77395231113514
159,63,595.808,-7302.068244,0.00643633,true,Dimer,cg,lbfgs,-7301.156872843752,-0.9113711562476965,245,singlets,GOOD,0.7368356294367019
154,65,608.345,-6330.846486,0.00873323,true,Dimer,cg,lbfgs,-6328.586527911123,-2.2599580888772834,246,singlets,GOOD,0.22629660416130826
558,263,2146.038,-7331.152646,0.00990737,true,Dimer,cg,lbfgs,-7328.986477008943,-2.166168991056111,247,singlets,GOOD,13.089772727523444
765,336,3188.213,-10384.478914,0.00927548,true,Dimer,cg,lbfgs,-10381.822876588725,-2.6560374112741556,248,singlets,GOOD,4.322803206106038
1162,560,6285.119,-10382.482484,0.00801061,true,Dimer,cg,lbfgs,-10379.613993173874,-2.868490826125708,249,singlets,GOOD,1.1657592292862182
692,323,2790.141,-7386.240586,0.00986657,true,Dimer,cg,lbfgs,-7384.295435169522,-1.9451508304782692,250,singlets,GOOD,5.9010798406696106
164,67,628.346,-6333.083323,0.0097516,true,Dimer,cg,lbfgs,-6332.305455558487,-0.7778674415130808,251,singlets,GOOD,0.22262117069729712
717,338,2976.64,-10384.755774,0.00954675,true,Dimer,cg,lbfgs,-10382.783082260492,-1.9726917395073542,252,singlets,GOOD,10.824692042835371
172,71,621.736,-5276.792756,0.00935582,true,Dimer,cg,lbfgs,-5275.523337080727,-1.269418919272539,253,singlets,GOOD,0.31785042316483014
441,207,2440.121,-8444.564589,0.00794928,true,Dimer,cg,lbfgs,-8441.761622098424,-2.802966901575928,254,singlets,GOOD,1.0653027391886456
418,189,1618.011,-7302.082875,0.0063674,true,Dimer,cg,lbfgs,-7301.944979601522,-0.13789539847766719,255,singlets,GOOD,0.8977391256996712
694,230,2905.615,-6331.168941,0.00636921,true,Dimer,cg,lbfgs,-6330.469882651803,-0.6990583481965587,256,singlets,GOOD,15.255261292611317
130,53,512.448,-6330.846394,0.00959923,true,Dimer,cg,lbfgs,-6328.621295270109,-2.225098729891215,257,singlets,GOOD,0.22695277788004858
739,350,2860.101,-7331.268088,0.00809075,true,Dimer,cg,lbfgs,-7328.24672619521,-3.0213618047901036,258,singlets,GOOD,40.00800457303084
298,129,1137.67,-6298.636888,0.00798018,true,Dimer,cg,lbfgs,-6296.647518321766,-1.9893696782337429,259,singlets,GOOD,0.5817861036976306
435,197,1679.551,-6276.257562,0.00855453,true,Dimer,cg,lbfgs,-6274.8176907855795,-1.4398712144202364,260,singlets,GOOD,7.170497622642008
1049,500,4380.858,-9446.393689,0.00736197,true,Dimer,cg,lbfgs,-9444.825391680819,-1.5682973191815108,261,singlets,GOOD,32.520157707998735
1469,496,5681.571,-9332.384943,0.00864776,true,Dimer,cg,lbfgs,-9328.61136698906,-3.7735760109389958,262,singlets,GOOD,20.724312739357423
,,,,,false,Dimer,,,,,263,singlets,Error,
303,140,1113.668,-6276.87423,0.00725368,true,Dimer,cg,lbfgs,-6275.812161462553,-1.0620685374469758,264,singlets,GOOD,0.533999126668344
